prmts2=[47 88 ;%eyebrowLL
        60 84; %eyebrow lt
        77 86;% eyebrow lr
        56 102;%eye ll
        81 96;%eye lt
       68 103;%eye lb
      69 95;%eye lr
       104 78;%eyebrow rl
      133 68;%eyebrow rt
      157 76;%eyebrow rr
      115 90;%eye rl
      130  80;%eye rt
      132 92;%eye rb
      147 86;%eye rr
      91 96;%nose top
      90 128;%nose mid
      105 132;%nostril r
      88 137;%nostril l
      87 164; %lip l
      99 153;%lip t
      104 168;%lip b
      132 156;%lip r
      117 199;%chin
      81 147 ;%nose lip line left
      126 142 ;%nose lip line right
      90 184 ;%nose chin line left
      140 175 ;%nose chin line right
      225 225; %c4
      1 225;%c3
      225 1;%c2
      1 1 ;%c1
      149 121;%cheek l1
      170 137; %cheek l2
      65 138;%cheek r
      52 66;%foreheadl
      80 37;%foreheadt
      87 59;%foreheadc
      135 49;%foreheadr
      194 25;%hair r
      27 44;%hair l
      104 1;%hair top
      ];
  
  prmts1=[52 55 ;%eyebrowLL
        69 46; %eyebrow lt
        95 63;% eyebrow lr
        67 74;%eye ll
        79 73;%eye lt
       75 83;%eye lb
      86 84;%eye lr
       132 66;%eyebrow rl
      160 50;%eyebrow rt
      182 52;%eyebrow rr
      140 83;%eye rl
      147 70;%eye rt
      149 83;%eye rb
      157 74;%eye rr
      109 82;%nose top
      110 120;%nose mid
      122 136;%nostril r
      101 137;%nostril l
      96 170; %lip l
      111 159;%lip t
      111 164;%lip b
      122 165;%lip r
      115 197;%chin
      82 149 ;%nose lip line left
      143 146 ;%nose lip line right
      82 176 ;%nose chin line left
      146 172 ;%nose chin line right
      225 225; %c4
      1 225;%c3
      225 1;%c2
      1 1 ;%c1
      175 101;%cheek r1
      180 130; %cheek r2
      57 105;%cheek l
      59 43;%foreheadl
      112 26;%foreheadt
      110 48;%foreheadc
      169 37;%foreheadr
      201 46;%hair r
      26 46;%hair l
      115 6;%hair top
      ];